id	Response	
381110	0	
381111	0	
381112	0	
381113	0	
381114	0	
381115	0	
381116	0	
381117	0	
381118	0	
381119	0	
381120	0	
381121	0	
381122	0	
381123	0	
381124	0	
381125	0	
381126	0	
381127	0	
381128	0	
381129	0	
381130	0	
381131	0	
381132	0	
381133	0	
381134	0	
381135	0	
381136	0	
381137	0	
381138	0	
381139	0	
381140	0	
381141	0	
381142	0	
381143	0	
381144	0	
381145	0	
381146	0	
381147	0	
381148	0	
381149	0	
381150	0	
381151	0	
381152	0	
381153	0	
381154	0	
381155	0	
381156	0	
381157	0	
381158	0	
